Type, 1, 2, 4, 8
static (16): 1024, 1, 0.818614, 1.213793, 1.724004, 
static (32): 1024, 1, 0.881592, 1.333827, 1.403797, 
dynamic (1): 1024, 1, 0.878390, 1.260191, 2.003773, 
dynamic (4): 1024, 1, 0.867435, 1.464485, 2.119841, 
Type, 1, 2, 4, 8
static (16): 2048, 1, 1.009018, 1.710830, 2.824947, 
static (32): 2048, 1, 1.012195, 1.737264, 2.979643, 
dynamic (1): 2048, 1, 1.300902, 1.980826, 3.153590, 
dynamic (4): 2048, 1, 2.015864, 1.995557, 2.920427, 
Type, 1, 2, 4, 8
static (16): 8192, 1, 1.947083, 2.286103, 2.844639, 
static (32): 8192, 1, 1.915591, 2.535793, 2.987422, 
dynamic (1): 8192, 1, 1.969122, 2.292771, 2.736450, 
dynamic (4): 8192,1, 1.861933, 2.511771, 3.034860, 
