N, serial, critical(2), atomic(2), reduction(2), critical(4), atomic(4), reduction(4), critical(8), atomic(8), reduction(8), critical(16), atomic(16), reduction(16), 
1048576, 0.005898, 0.088401, 0.053489, 0.003862, 0.079527, 0.053243, 0.003975, 0.123261, 0.055915, 0.004319, 0.128296, 0.095135, 0.007077, 
2097152, 0.010792, 0.176264, 0.103725, 0.007270, 0.156141, 0.104168, 0.007861, 0.246633, 0.108473, 0.007765, 0.253973, 0.150941, 0.012664, 
8388608, 0.023393, 0.712183, 0.423516, 0.028763, 0.616659, 0.420870, 0.031120, 0.990548, 0.454707, 0.042468, 1.016619, 0.540920, 0.055168, 
16777216, 0.047833, 1.462377, 0.844680, 0.057730, 1.254499, 0.831042, 0.062269, 1.958288, 0.884414, 0.063072, 2.023708, 1.084989, 0.090279, 
67108864, 0.189276, 5.867185, 3.346555, 0.228734, 4.970079, 3.451134, 0.248184, 7.856455, 3.597543, 0.267905, 8.124761, 4.341151, 0.300782, 
N, serial, critical(2), atomic(2), reduction(2), critical(4), atomic(4), reduction(4), critical(8), atomic(8), reduction(8), critical(16), atomic(16), reduction(16), 
1048576, 1, 0.034215, 0.057150, 0.841778, 0.037426, 0.056669, 0.755711, 0.024789, 0.056243, 0.760659, 0.023942, 0.037578, 0.392753, 
2097152, 1, 0.032003, 0.056255, 0.816954, 0.036855, 0.055159, 0.738649, 0.023731, 0.053908, 0.752909, 0.022497, 0.040568, 0.414422, 
8388608, 1, 0.032544, 0.057750, 0.840416, 0.038998, 0.058945, 0.768054, 0.024752, 0.054114, 0.741977, 0.023804, 0.044678, 0.448062, 
16777216, 1, 0.032846, 0.056373, 0.834214, 0.038659, 0.057836, 0.755714, 0.024494, 0.055694, 0.730269, 0.023731, 0.044999, 0.491310, 
67108864, 1, 0.032726, 0.057202, 0.839094, 0.038496, 0.056173, 0.796283, 0.024453, 0.054826, 0.742560, 0.023730, 0.044524, 0.589189, 
